[gd_scene load_steps=5 format=2]

[ext_resource path="res://Assets/zombie.dae" type="PackedScene" id=1]
[ext_resource path="res://Assets/Zombie.png" type="Texture" id=2]

[sub_resource type="Skin" id=1]
bind_count = 27
bind/0/bone = 0
bind/0/pose = Transform( 0, 1, -7.54979e-08, 0, 7.54979e-08, 1, 1, 0, 0, -44, -3.32191e-06, -8 )
bind/1/bone = 1
bind/1/pose = Transform( 0.999331, -0.0258587, 0.0258673, -0.0258587, 0.000668668, 0.999665, -0.0258675, -0.999665, -4.54369e-07, 1.13778, -0.0294214, 43.9853 )
bind/2/bone = 2
bind/2/pose = Transform( 1, -1.53135e-12, -2.56659e-09, -3.91623e-10, 0.000596648, 1, -1.43424e-07, -1, 0.000596644, -0.420245, -0.0359498, 60.2407 )
bind/3/bone = 3
bind/3/pose = Transform( -3.37442e-07, 2.5095e-08, -1, 0.997459, -0.0712471, -3.42073e-07, -0.0712472, -0.997459, -1.36726e-08, -0.00892463, 4.93917, 75.0469 )
bind/4/bone = 4
bind/4/pose = Transform( 0.992903, 0.00027768, 0.11893, 8.20728e-08, 0.999997, -0.0023342, -0.118931, 0.00231761, 0.9929, 0.29145, -86.0255, 10.8415 )
bind/5/bone = 5
bind/5/pose = Transform( 0.993801, 7.44067e-09, -0.111174, 1.06202e-07, 1, -3.97276e-07, 0.111173, 3.82714e-07, 0.993801, -5.44174, -85.9673, 24.5561 )
bind/6/bone = 6
bind/6/pose = Transform( -3.38756e-06, 1, 4.10875e-07, 0.992291, 3.60046e-06, -0.123928, -0.123928, 9.13564e-08, -0.992291, -85, 0.494543, 12.0314 )
bind/7/bone = 7
bind/7/pose = Transform( -6.90576e-07, 0.999942, 0.0108062, 0.993735, -0.00120686, 0.111754, 0.11176, 0.0107387, -0.993677, -85.2699, -5.40119, 24.0628 )
bind/8/bone = 8
bind/8/pose = Transform( 1, 1.63731e-16, -5.96846e-08, 5.62018e-08, -2.74328e-09, 1, -1.71363e-07, -1, -1.79707e-08, -1.42024, 0.00892304, 89.2081 )
bind/9/bone = 9
bind/9/pose = Transform( 0.821089, -0.0912322, 0.563462, 0.560016, -0.0622239, -0.826142, 0.110432, 0.993884, 7.45058e-09, 8.33945, -3.99573, -41.7431 )
bind/10/bone = 10
bind/10/pose = Transform( 0.995037, 0.0995037, -9.89133e-08, -1.11417e-07, -3.39606e-09, -1, -0.0995038, 0.995037, -2.98301e-08, -0.398015, -8, -24.0799 )
bind/11/bone = 11
bind/11/pose = Transform( 0.821089, -0.0912322, 0.563462, 0.560016, -0.0622239, -0.826142, 0.110432, 0.993884, 7.45058e-09, -1.23941, 10.0487, -41.7431 )
bind/12/bone = 12
bind/12/pose = Transform( 0.995037, 0.0995037, -9.11833e-08, -1.13641e-07, 1.88448e-08, -1, -0.0995038, 0.995037, 6.37906e-09, -0.398014, 9, -24.0799 )
bind/13/bone = 13
bind/13/pose = Transform( 0, 0, -1, 0, 1, 0, 1, 0, 0, 9, -37.765, 40.2507 )
bind/14/bone = 14
bind/14/pose = Transform( 0, 0, -1, 0, 1, 0, 1, 0, 0, -8, -37.765, 40.2507 )
bind/15/bone = 15
bind/15/pose = Transform( -0.546459, 4.90642e-08, 0.837486, -2.38865e-08, 1, -3.88902e-08, -0.837486, -2.81113e-07, -0.546459, -9.53198, -87, 32.4651 )
bind/16/bone = 16
bind/16/pose = Transform( -2.65454e-07, 1, 2.60921e-07, -0.541766, 7.54985e-08, -0.840529, -0.840529, -3.6448e-07, 0.541766, -87, -7.92081, 30.3216 )
bind/17/bone = 17
bind/17/pose = Transform( 7.54979e-08, 0, 1, 1, 0, -7.54979e-08, 0, 1, 0, -40.3551, -0.999997, -84.8388 )
bind/18/bone = 18
bind/18/pose = Transform( 7.10543e-15, -7.54979e-08, -1, 5.36445e-22, 1, -7.54979e-08, 1, 5.69993e-15, 7.10543e-15, 40.3551, -84.8388, -1 )
bind/19/bone = 19
bind/19/pose = Transform( 0, 0, 1, 0, 1, 0, -1, 0, 0, -9, -4, 0 )
bind/20/bone = 20
bind/20/pose = Transform( 5.60784e-08, -1.40196e-07, -1, -0.371391, 0.928477, -1.50996e-07, 0.928477, 0.371391, -3.55271e-15, 9, -3.71391, -1.48556 )
bind/21/bone = 21
bind/21/pose = Transform( 2.54102e-16, -1.55303e-14, -1, -2.98023e-08, 1, -3.02875e-14, 1, 2.98023e-08, -1.11166e-15, 9, -2, 5 )
bind/22/bone = 22
bind/22/pose = Transform( 0, 0, 1, 0, 1, 0, -1, 0, 0, 8, -4, 0 )
bind/23/bone = 23
bind/23/pose = Transform( 5.60784e-08, -1.40196e-07, -1, -0.371391, 0.928477, -1.50996e-07, 0.928477, 0.371391, -3.55271e-15, -8, -3.71391, -1.48556 )
bind/24/bone = 24
bind/24/pose = Transform( 3.80682e-15, -1.31944e-15, -1, 1.10635e-28, 1, -2.90624e-14, 1, 2.57428e-30, 1.95103e-15, -8, -2, 5 )
bind/25/bone = 25
bind/25/pose = Transform( 7.54979e-08, 0, 1, 1, 0, -7.54979e-08, 0, 1, 0, 40.0089, -1, -85.9673 )
bind/26/bone = 26
bind/26/pose = Transform( 0, -7.54979e-08, -1, 0, 1, -7.54979e-08, 1, 5.69993e-15, -4.30333e-22, -40.0089, -85.9673, -1 )

[sub_resource type="SpatialMaterial" id=2]
albedo_texture = ExtResource( 2 )
roughness = 0.9

[node name="ZombieMesh" instance=ExtResource( 1 )]

[node name="Zombie" parent="Armature/Skeleton" index="0"]
skin = SubResource( 1 )
material/0 = SubResource( 2 )
